11101001010011101110111000010011111111111111111111111111111111

api key NNSXS.GVQV5C2K7VVMXQMI6VYQ2QJ4CTNURVCZK2FR5II.LKXVDNOT6IWSS2K7UZ3AVGUBRVNUAOYC4V5CARXHB7Q3QTHZP6XA



        49,
          49,
          49,
          48,
          49,
          48,
          48,
          49,
          48,
          49,
          48,
          48,
          49,
          49,
          49,
          48,
          49,
          49,
          49,
          48,
          49,
          49,
          49,
          48,
          48,
          48,
          48,
          49,
          48,
          48,
          49,
          49,
          49,
          49,
          49,
          49,
          49,
          49,
          49,
          49,
          49,
          49,
          49,
          49,
          49,
          49,
          49,
          49,
          49,
          49,
          49,
          49,
          49,
          49,
          49,
          49,
          49,
          49,
          49,
          49,
          49,
          49


111010010

          49,
          49,
          49,
          48,
          49,
          48,
          48,
          49,
          48,
          49,
          48,
          48,
          49,
          49,
          49,
          48,
          49,
          49,
          49,
          48,
          49,
          49,
          48,
          49,
          48,
          48,
          49,
          48,
          49,
          49,
          49,
          49,
          49,
          49,
          49,
          49,
          49,
          49,
          49,
          49,
          49,
          49,
          49,
          49,
          49,
          49,
          49,
          49,
          49,
          49,
          49,
          49,
          49,
          49,
          49,
          49,
          49,
          49,
          49,
          49,
          49,
          49